001101110010110001 111101111001101110
000110111011011010 111100000001001001
101000010001011111 010101101000101000
000111110100111111 111010101011101110
110010010001100111 101011101000000011
010101110110110111 011001010111001101
000101000011100100 010001001101011001
001111001100001111 011110001100011000
001010000010111010 110110001011001000
110111110110110010 110011000100100001
010000100100110011 110101111011110100
000111100110010000 111110000000001001
100011011111110010 101110000101111100
101001000010010011 001010011100001100
110110111000001111 111011111001011110
100101101000111100 101011101010010111
011100101011101110 011100100100010101
011111110110001010 111010100100100101
101001110010010101 111011001011000010
010101100101101010 110001100111100001
000011010001111101 000001111101010000
001011111101011110 101111001111000101
110110111101100101 010000111111001000
101000101001110111 100101000110100110
110100111111111001 011000000111011110
101100011100111100 010111100010011111
001111111101000111 111110101111111101
110111010011111011 010011001010000101
101110001010000101 100001111000001100
011001111010001011 011011001110011011
101000100000001111 100101101111010100
000010001111100100 000101101000100111
000100110010010011 001001111011001001
100001101110001001 000110101011110110
010001101011111101 001001001111000011
100010111001111011 010101111101001100
010001110010010100 011001001011110100
001011101010101101 101100101001010100
000111001011001011 000111000000101100
010110101000000011 101100101001111100
101000011011111011 110111011001011001
110100111101110101 100101000010011001
011101101011110100 101101001101010011
100100110101011101 111110010100101100
010011110100011011 101111101001010001
110100111001110100 010011100011100001
111010101110100110 100001110111100011
011000000111001010 100001001011001100
100111111110000111 110001011000000010
000110101010001111 000101010111001101
