101111010001101010 011100001110010101
010100001101111111 101111001101100001
100100010101000001 011011000011000001
010110011110010000 111010100010001111
110101110101010101 010100110110100011
100110100101011001 110100110000110001
001000111011110110 110100011000010110
000101110000101000 011100000011010011
001010001101110010 001011011100011001
101000011100000110 000011010100001100
000011000010001001 010000111000000010
011110001000100101 111110111110110010
101000110111110010 011101000101000000
100110101000010000 101010010110101001
010101110101101010 000010010111101100
011110110101101111 110111001001110101
011011010000100110 100110010011011101
010001100100010101 111111001100101111
010110001011110110 101101001000100100
110011011010110011 110010010100011100
110001111101101001 111000010100011110
011101001011000100 100110010000100010
100110010110001000 001110101011111010
000101101001010000 000001001001001010
100011111110010010 101011111101110010
000111100101001110 011010110100101000
101010111111110000 001000110111101101
010001100010110010 001001000110101011
110111011001110111 101001111111100110
110011100011110110 111000001110000010
010000111010110111 010000110010011000
110011111110101000 011100111111010001
010100011100101001 000111100010001110
100110101101010011 010110101010110000
101100001100101011 101111010101011000
010110111111111110 101100111111011000
101011000010010111 111010001100001101
111000100000111101 011100001100001110
110010110111101001 000010011100000111
110101010010010101 100111101010110001
110100010111001000 100011111011000100
111110001101001110 000000110000010100
011111010000111010 101101011100101111
110011011010100001 100011011101010001
111101100010000011 001000111010100100
111101111110111101 110001010010001111
001001100011000001 010101101010101100
111101011101011011 111000100011001001
011110110101111110 111101101101010100
111110101011010010 000111001100011011
