-9.411237378072274 9.859542310876126
-9.411237378072274 9.859542310876126
-9.411237378072274 9.859542310876126
-9.411237378072274 9.859542310876126
-9.411237378072274 9.859542310876126
-9.411237378072274 9.859542310876126
-9.411237378072274 9.859542310876126
-9.411237378072274 9.859542310876126
-9.411237378072274 9.859542310876126
-9.411237378072274 9.859542310876126
-9.411237378072274 9.859542310876126
-9.411237378072274 9.859542310876126
-9.411237378072274 9.859542310876126
-9.411237378072274 9.859542310876126
-9.411237378072274 9.859542310876126
-9.411237378072274 9.859542310876126
-9.411237378072274 9.859542310876126
-9.411237378072274 9.859542310876126
-9.411237378072274 9.859542310876126
-9.411237378072274 9.859542310876126
-9.411237378072274 9.859542310876126
-9.411237378072274 9.859542310876126
-9.411237378072274 9.859542310876126
-9.411237378072274 9.859542310876126
-9.411237378072274 9.859542310876126
-9.411237378072274 9.859542310876126
-9.411237378072274 9.859542310876126
-9.411237378072274 9.859542310876126
-9.411237378072274 9.859542310876126
-9.411237378072274 9.859542310876126
-9.411237378072274 9.859542310876126
-9.411237378072274 9.859542310876126
-9.411237378072274 9.859542310876126
-9.411237378072274 9.859542310876126
-9.411237378072274 9.859542310876126
-9.411237378072274 9.859542310876126
-9.411237378072274 9.859542310876126
-9.411237378072274 9.859542310876126
-9.411237378072274 9.859542310876126
-9.411237378072274 9.859542310876126
-9.411237378072274 9.859542310876126
-9.411237378072274 9.859542310876126
-9.411237378072274 9.859542310876126
-9.411237378072274 9.859542310876126
-9.411237378072274 9.859542310876126
-9.411237378072274 9.859542310876126
-9.411237378072274 9.859542310876126
-9.411237378072274 9.859542310876126
-9.411237378072274 9.859542310876126
-9.411237378072274 9.859542310876126
[-8.460687487363767] [1.0204735583250368]-6.936176056579805 1.1199612425279337