001010110110010010 110100101101111001
001010110110010010 110100101101111001
001010110110010010 110100101101111001
001010110110010010 110100101101111001
001010110110010010 110100101101111001
001010110110010010 110100101101111001
001010110110010010 110100101101111001
001010110110010010 110100101101111001
001010110110010010 110100101101111001
001010110110010010 110100101101111001
001010110110010010 110100101101111001
001010110110010010 110100101101111001
001010110110010010 110100101101111001
001010110110010010 110100101101111001
001010110110010010 110100101101111001
001010110110010010 110100101101111001
001010110110010010 110100101101111001
001010110110010010 110100101101111001
001010110110010010 110100101101111001
001010110110010010 110100101101111001
001010110110010010 110100101101111001
001010110110010010 110100101101111001
001010110110010010 110100101101111001
001010110110010010 110100101101111001
001010110110010010 110100101101111001
001010110110010010 110100101101111001
001010110110010010 110100101101111001
001010110110010010 110100101101111001
001010110110010010 110100101101111001
001010110110010010 110100101101111001
001010110110010010 110100101101111001
001010110110010010 110100101101111001
001010110110010010 110100101101111001
001010110110010010 110100101101111001
001010110110010010 110100101101111001
001010110110010010 110100101101111001
001010110110010010 110100101101111001
001010110110010010 110100101101111001
001010110110010010 110100101101111001
001010110110010010 110100101101111001
001010110110010010 110100101101111001
001010110110010010 110100101101111001
001010110110010010 110100101101111001
001010110110010010 110100101101111001
001010110110010010 110100101101111001
001010110110010010 110100101101111001
001010110110010010 110100101101111001
001010110110010010 110100101101111001
001010110110010010 110100101101111001
001010110110010010 110100101101111001
110011111011110010 011001101101111011