110110110000110110 110010111111010101
000111001111011101 100100101001111110
111010000111101010 001110110100111100
010111110000000001 110010111001011110
001010010101110111 010111000100001111
000010101101110110 101000100011100001
100001101110100110 000111011111001011
100101000000111010 110100111100011101
100001001011101001 001000111011101111
000101001010100110 000001111000100001
110101101110011000 010010101001011000
001010001000100011 110111100100011111
101100010111111110 100000001000010011
110011111111011110 010100110011100100
101100000011011111 100001100110000010
011000000111010000 111110010000011011
111111000101000011 101010000000100010
001000101110010101 101101100010110000
100001011000101011 110001110011111000
001000111110101101 101000111100100010
010011101110110111 001110101100100010
010101001011101111 100101011101010000
000101101101101100 100111001111000010
000001000100111110 001100000111001100
011101111001110101 111101000011010000
111010001101001111 000001101011101100
010010010100100000 100111010111010010
010110000110110111 111011011010101011
011011011111001100 001100111111001001
101010000000111111 001101100101000000
101100000000010000 110101010111100011
110011011101101000 100010011001111010
011010000101101100 010000010011110110
010111100111011001 111010000100100111
000011010111001111 011101100101010001
001000010000111100 110110100001101111
100111000101010111 011111011010000110
100000001101100000 100011000011111010
101100110011010110 110010110000011011
100111010110101100 001111011101001011
011101010011011001 110110101110001100
000011000001010111 101100111001010011
101011011001101100 101101011110101100
100111111001010110 101101100000010111
111001010101001001 001111010100000100
011101010010011111 111110000110111001
010001001010110000 000000111001010101
110010100110110011 011111110110111101
111101110110111100 110011000000101001
010010011001111110 000111000110110100
